eval_accuracy = 0.7483124397299904
eval_loss = 0.9455034996454532
f_score = 0.6938026558444236
global_step = 800
loss = 0.06168449205346405
precision = 0.7089513890756126
recall = 0.6814868014570158
