eval_accuracy = 0.6742301458670988
eval_loss = 1.3443107635546954
f_score = 0.6388295529997366
global_step = 896
loss = 0.06838338427977371
precision = 0.6552932740586103
recall = 0.6276286527128153
