eval_accuracy = 0.6904376012965965
eval_loss = 1.117559043260721
f_score = 0.6638274158618113
global_step = 896
loss = 0.04306413293150919
precision = 0.6805313864719805
recall = 0.651992854673313
