eval_accuracy = 0.6750405186385737
eval_loss = 1.1094186007976532
f_score = 0.6590729398950166
global_step = 896
loss = 0.11262292178746845
precision = 0.668270855680869
recall = 0.6519702663517113
