eval_accuracy = 0.6823338735818476
eval_loss = 1.1576936067296908
f_score = 0.6728725889923526
global_step = 896
loss = 0.04956569499751952
precision = 0.6784275986592522
recall = 0.6679530210110162
