eval_accuracy = 0.6742301458670988
eval_loss = 1.422293096398696
f_score = 0.6566436839253315
global_step = 896
loss = 0.20041934550473733
precision = 0.6703899154437707
recall = 0.6461429640159608
