eval_accuracy = 0.6823338735818476
eval_loss = 1.0148557371053941
f_score = 0.653218234573892
global_step = 896
loss = 0.07778604729433677
precision = 0.6780980609297983
recall = 0.6379499564163392
