eval_accuracy = 0.7097396335583414
eval_loss = 0.9063597903801844
f_score = 0.5652390144188106
global_step = 800
loss = 0.15812734842300416
precision = 0.6172380779972638
recall = 0.5527739588573921
