eval_accuracy = 0.562198649951784
eval_loss = 1.194672348866096
f_score = 0.39953283022026315
global_step = 800
loss = 0.5721024635434151
precision = 0.4437379838036238
recall = 0.3973014672794702
