eval_accuracy = 0.5623987034035657
eval_loss = 1.1902739604314168
f_score = 0.5096086289255841
global_step = 896
loss = 0.5657921334994691
precision = 0.5320216745140312
recall = 0.4996272716223759
