eval_accuracy = 0.579556412729026
eval_loss = 0.9123332619667053
f_score = 0.29495506410235645
global_step = 800
loss = 0.4151888826489449
precision = 0.3321158008658009
recall = 0.34561209305387375
