eval_accuracy = 0.7290260366441659
eval_loss = 1.2320912608733543
f_score = 0.6900405597355336
global_step = 800
loss = 0.1535198657400906
precision = 0.6875377148104421
recall = 0.6933949343984009
