eval_accuracy = 0.6815235008103727
eval_loss = 1.153557076668128
f_score = 0.6537774590188289
global_step = 896
loss = 0.055086298363416324
precision = 0.665013621019817
recall = 0.6451217906672809
