eval_accuracy = 0.6904376012965965
eval_loss = 1.164992009026882
f_score = 0.6612752193297634
global_step = 896
loss = 0.06395043623966298
precision = 0.6744739594999594
recall = 0.6517232487265834
