eval_accuracy = 0.7627772420443587
eval_loss = 0.7472896243517215
f_score = 0.7017254472842779
global_step = 800
loss = 0.07878462733700871
precision = 0.7273240796658086
recall = 0.683135474343792
