eval_accuracy = 0.7569913211186113
eval_loss = 0.8631281944421622
f_score = 0.7003759219016281
global_step = 800
loss = 0.05468464147299528
precision = 0.7185857845664643
recall = 0.6860379407089443
