eval_accuracy = 0.7627772420443587
eval_loss = 0.8392864075990824
f_score = 0.7133886255924171
global_step = 800
loss = 0.04240212335251272
precision = 0.7364215162108341
recall = 0.6959213930280987
