eval_accuracy = 0.6507293354943274
eval_loss = 1.3192786897222202
f_score = 0.6158325939030386
global_step = 896
loss = 0.08594889195436346
precision = 0.6341299277497194
recall = 0.6041240080313283
