eval_accuracy = 0.6936790923824959
eval_loss = 1.1680932788130565
f_score = 0.6783048701719672
global_step = 896
loss = 0.04806120348595349
precision = 0.6914128441784992
recall = 0.6680605262505797
