eval_accuracy = 0.6888168557536467
eval_loss = 1.0018859629829724
f_score = 0.669549784163839
global_step = 896
loss = 0.04905466317930924
precision = 0.6811524707686797
recall = 0.6605517425120135
