eval_accuracy = 0.7058346839546191
eval_loss = 1.0772496882157447
f_score = 0.679475508516091
global_step = 896
loss = 0.04201003932394087
precision = 0.6973715113614999
recall = 0.6668753768583319
