eval_accuracy = 0.5996758508914101
eval_loss = 0.881830265888801
f_score = 0.5439840347132306
global_step = 896
loss = 0.4995706283620426
precision = 0.5984818630674921
recall = 0.5285717825675134
