eval_accuracy = 0.7319189971070396
eval_loss = 1.299139698422872
f_score = 0.6852665263362819
global_step = 800
loss = 0.18211565903387963
precision = 0.7109402804552176
recall = 0.667349864152316
