eval_accuracy = 0.6661264181523501
eval_loss = 0.8212378124396006
f_score = 0.6507086963707618
global_step = 896
loss = 0.03961673176049122
precision = 0.6500950623380174
recall = 0.6514503767445475
