eval_accuracy = 0.6831442463533225
eval_loss = 1.1693254501009598
f_score = 0.6613432955945865
global_step = 896
loss = 0.10206167040658849
precision = 0.6842196544338172
recall = 0.646190858843387
