eval_accuracy = 0.6515397082658023
eval_loss = 1.6270956637767644
f_score = 0.6184388476706711
global_step = 896
loss = 0.2233321676030755
precision = 0.6309244226935203
recall = 0.6102345072349213
