eval_accuracy = 0.6750405186385737
eval_loss = 0.8633607056660529
f_score = 0.6508166765099815
global_step = 896
loss = 0.05790909183477717
precision = 0.6689468270547613
recall = 0.638984720686132
