eval_accuracy = 0.7550626808100289
eval_loss = 1.1989915161178661
f_score = 0.6970910114896302
global_step = 800
loss = 0.16544457961805165
precision = 0.7192763159728318
recall = 0.68080946016882
