eval_accuracy = 0.6839546191247974
eval_loss = 1.2435306119613159
f_score = 0.6605328724841973
global_step = 896
loss = 0.039031475416517684
precision = 0.6682442295681351
recall = 0.654162155323705
