eval_accuracy = 0.6823338735818476
eval_loss = 1.1290381726546166
f_score = 0.6623103602778615
global_step = 896
loss = 0.16507110674865544
precision = 0.6741342582816827
recall = 0.6536594808832844
