eval_accuracy = 0.7540983606557377
eval_loss = 0.7612615665564171
f_score = 0.6923851559035784
global_step = 800
loss = 0.025227339593693613
precision = 0.7139120257733763
recall = 0.676183631403819
