eval_accuracy = 0.7473481195756991
eval_loss = 1.3371375020593406
f_score = 0.6914881187557795
global_step = 800
loss = 0.1835040020942688
precision = 0.7078401765491608
recall = 0.6814977013428521
