eval_accuracy = 0.7589199614271939
eval_loss = 0.8486330884007307
f_score = 0.6986619164994267
global_step = 800
loss = 0.034641948714852336
precision = 0.733365066540724
recall = 0.6769775447481322
