eval_accuracy = 0.6815235008103727
eval_loss = 1.1578195095062256
f_score = 0.6541938752789025
global_step = 896
loss = 0.09693982721572476
precision = 0.6773733094702505
recall = 0.639323419082985
