eval_accuracy = 0.7560270009643202
eval_loss = 0.8020400328704944
f_score = 0.6739698131027313
global_step = 800
loss = 0.07692320338450372
precision = 0.7344623429985525
recall = 0.6426138226710604
