eval_accuracy = 0.5907617504051864
eval_loss = 0.9660897132677909
f_score = 0.5403016538681054
global_step = 896
loss = 0.4641359012041773
precision = 0.5932316273877182
recall = 0.5265822824285278
