eval_accuracy = 0.6701782820097245
eval_loss = 1.2270442312344527
f_score = 0.6390886523654773
global_step = 896
loss = 0.0654080216939162
precision = 0.6662141779788838
recall = 0.6233311823856943
