eval_accuracy = 0.7261330761812922
eval_loss = 1.0117787465453147
f_score = 0.649230733645323
global_step = 800
loss = 0.06506600243039429
precision = 0.6770589668615985
recall = 0.6307251439562945
