eval_accuracy = 0.7656702025072324
eval_loss = 0.8863238050387456
f_score = 0.7139405317182997
global_step = 800
loss = 0.04558462969958782
precision = 0.7493975058247639
recall = 0.6901443768830376
