eval_accuracy = 0.7569913211186113
eval_loss = 0.7940783412983784
f_score = 0.7041294688353511
global_step = 800
loss = 0.07611410036683082
precision = 0.7161269448343015
recall = 0.6950272038001631
