eval_accuracy = 0.7801350048216008
eval_loss = 0.72465517108257
f_score = 0.7330305253047609
global_step = 800
loss = 0.08703624557703733
precision = 0.7396604734083895
recall = 0.7269635320327331
