eval_accuracy = 0.5660559305689489
eval_loss = 1.1815488109221826
f_score = 0.28253214982052854
global_step = 800
loss = 0.5217952658236027
precision = 0.36013811276180085
recall = 0.34356549001709197
