eval_accuracy = 0.6977309562398704
eval_loss = 1.1896729163634472
f_score = 0.6771019064680021
global_step = 896
loss = 0.03283899741031097
precision = 0.6908692046608897
recall = 0.6665732159145176
