eval_accuracy = 0.6880064829821718
eval_loss = 0.8167857378721237
f_score = 0.6724874304129024
global_step = 896
loss = 0.055928800753983
precision = 0.6789172928330083
recall = 0.6684923593316486
