eval_accuracy = 0.6110210696920584
eval_loss = 0.8924437149977072
f_score = 0.5539358476983076
global_step = 896
loss = 0.5235313767833369
precision = 0.6071937321937322
recall = 0.5403840208527293
