eval_accuracy = 0.7714561234329798
eval_loss = 0.7549627077121001
f_score = 0.7104072398190046
global_step = 800
loss = 0.03856881326064467
precision = 0.7469053453387948
recall = 0.6872954134736785
