eval_accuracy = 0.7656702025072324
eval_loss = 0.7829976261808322
f_score = 0.7141442498765366
global_step = 800
loss = 0.07130150978453458
precision = 0.7396439892987484
recall = 0.6968441120556709
