eval_accuracy = 0.7907425265188043
eval_loss = 0.8494128858240751
f_score = 0.7478750442007209
global_step = 800
loss = 0.040878899497911333
precision = 0.7774798213987056
recall = 0.7263621066863962
