eval_accuracy = 0.6888168557536467
eval_loss = 1.0631143274979713
f_score = 0.6578167647338287
global_step = 896
loss = 0.12255654068264578
precision = 0.668863756660711
recall = 0.6493325951672118
