eval_accuracy = 0.6385737439222042
eval_loss = 2.465860068415984
f_score = 0.5935645741834564
global_step = 896
loss = 0.416252935637853
precision = 0.6220972825623988
recall = 0.5832756403999886
