eval_accuracy = 0.6969205834683955
eval_loss = 0.9838727871194864
f_score = 0.6780570955359643
global_step = 896
loss = 0.07702058826440147
precision = 0.6905079282390769
recall = 0.6684322642820142
