eval_accuracy = 0.759884281581485
eval_loss = 0.8277040529136475
f_score = 0.7087915903952035
global_step = 800
loss = 0.13415890892967583
precision = 0.7220104100670816
recall = 0.6977905778106134
