eval_accuracy = 0.5718418514946962
eval_loss = 0.9996272816107823
f_score = 0.307103825136612
global_step = 800
loss = 0.46779937237501146
precision = 0.3265531712521128
recall = 0.34724741319724145
