eval_accuracy = 0.686385737439222
eval_loss = 1.0956931289954064
f_score = 0.6694153798297098
global_step = 896
loss = 0.07690994098084047
precision = 0.6786376915805449
recall = 0.6625553182096091
