eval_accuracy = 0.686385737439222
eval_loss = 0.8663260394181961
f_score = 0.6622998425642336
global_step = 896
loss = 0.10462210992617267
precision = 0.6757322129113702
recall = 0.6540601496661732
