eval_accuracy = 0.7512054001928641
eval_loss = 0.6205246425591983
f_score = 0.7026176662386661
global_step = 800
loss = 0.12499840799719095
precision = 0.7278265405309138
recall = 0.6839166481590898
