eval_accuracy = 0.7579556412729026
eval_loss = 0.8339247407821508
f_score = 0.7135268429457193
global_step = 800
loss = 0.05897353631444276
precision = 0.7294529372768269
recall = 0.7011601602396662
