eval_accuracy = 0.679902755267423
eval_loss = 0.7069995426214658
f_score = 0.6585602427021785
global_step = 896
loss = 0.03576096913976861
precision = 0.6624411228184813
recall = 0.6572542479108753
