eval_accuracy = 0.7454194792671167
eval_loss = 0.6942343599521197
f_score = 0.6701953109988305
global_step = 800
loss = 0.10285845017060638
precision = 0.7349537029634324
recall = 0.6369643857804719
