eval_accuracy = 0.6912479740680713
eval_loss = 1.2044796120279875
f_score = 0.6773813117697541
global_step = 896
loss = 0.03276301638522584
precision = 0.7000148984169342
recall = 0.6617305494744085
