eval_accuracy = 0.76374156219865
eval_loss = 0.9189727365970611
f_score = 0.7054470900736831
global_step = 800
loss = 0.03255980590358377
precision = 0.7329645567904581
recall = 0.685862975312249
