eval_accuracy = 0.7743490838958534
eval_loss = 0.8682160626237209
f_score = 0.7355557881237397
global_step = 800
loss = 0.034531016033142806
precision = 0.7555829653043258
recall = 0.7198184805678721
