eval_accuracy = 0.733847637415622
eval_loss = 1.1655758988398772
f_score = 0.6794584129541305
global_step = 800
loss = 0.15075330364517867
precision = 0.6885106067349058
recall = 0.6721336416146051
