eval_accuracy = 0.6912479740680713
eval_loss = 0.9028768105766712
f_score = 0.6586248331108143
global_step = 896
loss = 0.0626829144644684
precision = 0.6967493830843915
recall = 0.638442664181277
