eval_accuracy = 0.5486981677917069
eval_loss = 1.2923699085529035
f_score = 0.31861917955273955
global_step = 800
loss = 0.8981188142299652
precision = 0.3636117510386516
recall = 0.34545780831258405
