eval_accuracy = 0.6458670988654781
eval_loss = 0.8437025730426495
f_score = 0.595620148586848
global_step = 896
loss = 0.1609287586927946
precision = 0.6415136147660819
recall = 0.5827264618310464
