eval_accuracy = 0.6612641815235009
eval_loss = 1.3134480070991394
f_score = 0.6260714728118691
global_step = 896
loss = 0.07945792626456491
precision = 0.6408943550938443
recall = 0.6158937246439767
