eval_accuracy = 0.579556412729026
eval_loss = 1.2027116463734553
f_score = 0.3687259085921148
global_step = 800
loss = 0.5354168471693993
precision = 0.448505318153545
recall = 0.38765115907255066
