eval_accuracy = 0.6920583468395461
eval_loss = 1.2055942632066898
f_score = 0.6767508909622393
global_step = 896
loss = 0.04210365292549666
precision = 0.6887918081542822
recall = 0.6676522507661066
