eval_accuracy = 0.6523500810372771
eval_loss = 1.4797196422631924
f_score = 0.622457001014863
global_step = 896
loss = 0.198759461154363
precision = 0.6370069615537117
recall = 0.6128658359895682
