eval_accuracy = 0.7560270009643202
eval_loss = 0.7771940442231985
f_score = 0.6992775968174282
global_step = 800
loss = 0.11059893853962421
precision = 0.7198539800060805
recall = 0.6834792883236115
