eval_accuracy = 0.7174541947926711
eval_loss = 0.9576946533643282
f_score = 0.5832447898810222
global_step = 800
loss = 0.12909474041312932
precision = 0.6639749712242549
recall = 0.5653740122591676
