eval_accuracy = 0.6807131280388979
eval_loss = 0.8781124353408813
f_score = 0.6707056692174259
global_step = 896
loss = 0.07985693043363946
precision = 0.6683078065534206
recall = 0.6758782980003099
