eval_accuracy = 0.7666345226615237
eval_loss = 0.586636460515169
f_score = 0.7215518930867395
global_step = 800
loss = 0.03217536180280149
precision = 0.7287479333303545
recall = 0.7169324176877337
