eval_accuracy = 0.7550626808100289
eval_loss = 0.8759259352317224
f_score = 0.6995408205794312
global_step = 800
loss = 0.12261626524850726
precision = 0.7278030496635148
recall = 0.6796358598026943
