eval_accuracy = 0.6790923824959482
eval_loss = 1.0979452933638523
f_score = 0.6609546430491378
global_step = 896
loss = 0.07376400736393407
precision = 0.6836086373823865
recall = 0.6457093820256633
