eval_accuracy = 0.7569913211186113
eval_loss = 0.8276366433271996
f_score = 0.7081612525123799
global_step = 800
loss = 0.057509351912885906
precision = 0.723099725644639
recall = 0.6963654828915408
