eval_accuracy = 0.5810372771474879
eval_loss = 1.119402758586101
f_score = 0.5290347727138746
global_step = 896
loss = 0.5160520534430232
precision = 0.5872158398417157
recall = 0.5136951181748501
