eval_accuracy = 0.7415621986499518
eval_loss = 0.9320096066364876
f_score = 0.6804311854702516
global_step = 800
loss = 0.1184493369422853
precision = 0.6988590632088391
recall = 0.6677064176611509
