eval_accuracy = 0.6912479740680713
eval_loss = 1.0537233417614913
f_score = 0.6737930434025511
global_step = 896
loss = 0.051214274077210575
precision = 0.6874843225469597
recall = 0.6632273418484563
