eval_accuracy = 0.6944894651539708
eval_loss = 1.2322335834973133
f_score = 0.6839146951647838
global_step = 896
loss = 0.038608074525005316
precision = 0.6933363334414592
recall = 0.676409418554688
