eval_accuracy = 0.686385737439222
eval_loss = 0.947456127557999
f_score = 0.6615688169353339
global_step = 896
loss = 0.06172768251937149
precision = 0.6873973670286855
recall = 0.6463873898840393
