eval_accuracy = 0.686385737439222
eval_loss = 0.7811164393638953
f_score = 0.6601527878672301
global_step = 896
loss = 0.0880094053988744
precision = 0.6803251232621825
recall = 0.648733772861615
