eval_accuracy = 0.5648298217179902
eval_loss = 0.9607478510110806
f_score = 0.4976373510551932
global_step = 896
loss = 0.5601562953421048
precision = 0.5756530069517342
recall = 0.48946608793363894
