eval_accuracy = 0.6904376012965965
eval_loss = 1.0080220351616542
f_score = 0.6656873509851757
global_step = 896
loss = 0.03667678575064721
precision = 0.6745415288194927
recall = 0.659638432613221
