eval_accuracy = 0.6855753646677472
eval_loss = 1.0996409744406357
f_score = 0.6695274107704462
global_step = 896
loss = 0.0800219823972189
precision = 0.6790170553753981
recall = 0.6616767968546268
