eval_accuracy = 0.7492767598842816
eval_loss = 0.8894043149283299
f_score = 0.6844259692423201
global_step = 800
loss = 0.04838177282363176
precision = 0.7136496369567505
recall = 0.6642262726770323
