eval_accuracy = 0.6717990275526742
eval_loss = 1.1845700565056922
f_score = 0.6397807720829145
global_step = 896
loss = 0.1476336903371183
precision = 0.6584239906478458
recall = 0.6283378248693713
