eval_accuracy = 0.7348119575699132
eval_loss = 0.809116839674803
f_score = 0.6179632015843952
global_step = 800
loss = 0.11537943091243505
precision = 0.682707096921932
recall = 0.5949666964029657
