eval_accuracy = 0.6758508914100486
eval_loss = 2.0605602429296153
f_score = 0.6467654556679531
global_step = 896
loss = 0.4255263268215848
precision = 0.6572491788077777
recall = 0.6391888584283687
