eval_accuracy = 0.7405978784956606
eval_loss = 0.6171752688976434
f_score = 0.6867675504170405
global_step = 800
loss = 0.03940799604170024
precision = 0.7060284759931248
recall = 0.6717898276347856
