eval_accuracy = 0.772420443587271
eval_loss = 0.8144507606442158
f_score = 0.7205814228231469
global_step = 800
loss = 0.031620833752676845
precision = 0.7574084176167545
recall = 0.6956067220623087
