eval_accuracy = 0.7675988428158148
eval_loss = 0.6370084024392642
f_score = 0.710704888834342
global_step = 800
loss = 0.043373635336756707
precision = 0.7421243181332867
recall = 0.6886731222505288
