eval_accuracy = 0.5949855351976856
eval_loss = 1.0330527278093191
f_score = 0.33847537292325064
global_step = 800
loss = 0.49261342734098434
precision = 0.4442520442520442
recall = 0.36986095103021627
