eval_accuracy = 0.7560270009643202
eval_loss = 0.7901324088756855
f_score = 0.6963582718387534
global_step = 800
loss = 0.06464853041805327
precision = 0.7225422755851647
recall = 0.6801315056662313
