eval_accuracy = 0.6961102106969206
eval_loss = 1.1348801511220443
f_score = 0.6752402168025861
global_step = 896
loss = 0.05332026896732194
precision = 0.6907996613411923
recall = 0.6637241584965213
