eval_accuracy = 0.7618129218900676
eval_loss = 0.8901514212672527
f_score = 0.7027587251116664
global_step = 800
loss = 0.03797182882204652
precision = 0.7296449849044518
recall = 0.6835910773074634
