eval_accuracy = 0.6871961102106969
eval_loss = 0.7302182165858073
f_score = 0.6675750692980942
global_step = 896
loss = 0.08547924392457519
precision = 0.6735625522264023
recall = 0.6637978444672687
