eval_accuracy = 0.679902755267423
eval_loss = 0.7832032228127505
f_score = 0.6560895581584051
global_step = 896
loss = 0.09090530910595719
precision = 0.6615215154007147
recall = 0.6516310833173614
