eval_accuracy = 0.7704918032786885
eval_loss = 0.856501168012619
f_score = 0.7217627951465677
global_step = 800
loss = 0.03894581068307161
precision = 0.7393500454063228
recall = 0.7080190705383735
