eval_accuracy = 0.742526518804243
eval_loss = 0.6071032998653558
f_score = 0.6609594914200071
global_step = 800
loss = 0.03748960374388844
precision = 0.7319095550742066
recall = 0.6269989007058879
