eval_accuracy = 0.7348119575699132
eval_loss = 1.0399855756988892
f_score = 0.6764824333155811
global_step = 800
loss = 0.033473650021478535
precision = 0.7137281973861844
recall = 0.6522500576076596
