eval_accuracy = 0.7589199614271939
eval_loss = 0.582646007491992
f_score = 0.6994498668705919
global_step = 800
loss = 0.03542439186014235
precision = 0.7491465649360386
recall = 0.6694954093314153
