eval_accuracy = 0.6661264181523501
eval_loss = 1.112593015226034
f_score = 0.6345751780886005
global_step = 896
loss = 0.19845525807301914
precision = 0.6470600846986095
recall = 0.6254656944922761
