eval_accuracy = 0.7502410800385728
eval_loss = 0.6695998102426529
f_score = 0.6880602078899479
global_step = 800
loss = 0.11185869043692946
precision = 0.7061579618882989
recall = 0.6753253152178763
