eval_accuracy = 0.6361426256077796
eval_loss = 1.2518012154942904
f_score = 0.5719859285205234
global_step = 896
loss = 0.16789988315265095
precision = 0.6103627022467601
recall = 0.5601977506414494
