eval_accuracy = 0.6847649918962723
eval_loss = 0.8161839798857005
f_score = 0.6582621754238916
global_step = 896
loss = 0.33664161725235836
precision = 0.6761959547921004
recall = 0.6500110876630848
