eval_accuracy = 0.6912479740680713
eval_loss = 0.8162375956009595
f_score = 0.6696827234394999
global_step = 896
loss = 0.024618668664645935
precision = 0.6812378102037261
recall = 0.6622697613678677
