eval_accuracy = 0.6993517017828201
eval_loss = 0.7610519406123039
f_score = 0.6784850939509686
global_step = 896
loss = 0.04000590843913544
precision = 0.6876662296235617
recall = 0.6711886716532914
