eval_accuracy = 0.76374156219865
eval_loss = 0.7684057154334508
f_score = 0.7007026751135735
global_step = 800
loss = 0.0435786225181073
precision = 0.7424134855823876
recall = 0.6742506569940682
