eval_accuracy = 0.5923824959481362
eval_loss = 0.881197818578818
f_score = 0.5325094773605331
global_step = 896
loss = 0.4987305107393435
precision = 0.609777556949188
recall = 0.5229185493779868
