eval_accuracy = 0.7647058823529411
eval_loss = 0.7060159917634267
f_score = 0.7017941497579222
global_step = 800
loss = 0.07660310130566358
precision = 0.7411947336818828
recall = 0.6764181092573588
