eval_accuracy = 0.7193828351012537
eval_loss = 1.9806671970165692
f_score = 0.6538996696725402
global_step = 800
loss = 0.3843605170212686
precision = 0.6764665457827235
recall = 0.6386045963086241
