eval_accuracy = 0.6596434359805511
eval_loss = 1.4739215885981536
f_score = 0.6184836191833302
global_step = 896
loss = 0.28512848780623506
precision = 0.6470476077571302
recall = 0.6029447164314363
