eval_accuracy = 0.7280617164898746
eval_loss = 0.9417816224006507
f_score = 0.6513016234640435
global_step = 800
loss = 0.10965845316648483
precision = 0.6814307791576969
recall = 0.6319346173644135
