eval_accuracy = 0.7685631629701061
eval_loss = 0.6019440994812892
f_score = 0.7070098687399436
global_step = 800
loss = 0.03410218881908804
precision = 0.7376984248743322
recall = 0.6860391671377303
