eval_accuracy = 0.7733847637415622
eval_loss = 0.9080894337823757
f_score = 0.7260032275222809
global_step = 800
loss = 0.03335093284957111
precision = 0.7483646747439221
recall = 0.7091641411048629
