eval_accuracy = 0.7647058823529411
eval_loss = 0.7963015380960244
f_score = 0.7037904659552027
global_step = 800
loss = 0.04920149483717978
precision = 0.7450082389558759
recall = 0.6775917096234846
