eval_accuracy = 0.6807131280388979
eval_loss = 1.0682087735487864
f_score = 0.6528833235757922
global_step = 896
loss = 0.09899900747197014
precision = 0.661675163707684
recall = 0.6457536526074593
