eval_accuracy = 0.7743490838958534
eval_loss = 0.9027737165872868
f_score = 0.719365309197389
global_step = 800
loss = 0.03719608036801219
precision = 0.7462214564188248
recall = 0.7001104751720146
