eval_accuracy = 0.772420443587271
eval_loss = 0.8373046081799728
f_score = 0.7249973355905169
global_step = 800
loss = 0.031262142094783486
precision = 0.7356523806436274
recall = 0.7160394548885843
