eval_accuracy = 0.6815235008103727
eval_loss = 1.0819995234218927
f_score = 0.6601113643745609
global_step = 896
loss = 0.05343875471901681
precision = 0.6764707189403065
recall = 0.6483985722832191
