eval_accuracy = 0.7675988428158148
eval_loss = 0.7947459721794495
f_score = 0.7128477609214863
global_step = 800
loss = 0.04447522146627307
precision = 0.7456757440845568
recall = 0.6900690741555718
