eval_accuracy = 0.7444551591128254
eval_loss = 0.7583873383127726
f_score = 0.6752811153777337
global_step = 800
loss = 0.08790093537420035
precision = 0.7361600645132625
recall = 0.64355967521161
