eval_accuracy = 0.6766612641815235
eval_loss = 1.0139132430538154
f_score = 0.6536984344569753
global_step = 896
loss = 0.03306729783071205
precision = 0.6731077361888587
recall = 0.6403098038878547
