eval_accuracy = 0.4837925445705024
eval_loss = 1.0157558604692802
f_score = 0.4138485413761974
global_step = 896
loss = 0.6861679929175547
precision = 0.4677199727662302
recall = 0.4079368914322665
