eval_accuracy = 0.5510534846029174
eval_loss = 1.116990130681258
f_score = 0.4751519670046625
global_step = 896
loss = 0.5691466302211795
precision = 0.5263641228541934
recall = 0.47048787318983676
