eval_accuracy = 0.7280617164898746
eval_loss = 1.0510667418058102
f_score = 0.6726794174744577
global_step = 800
loss = 0.06692708642687649
precision = 0.686508625084764
recall = 0.6615254618650325
