eval_accuracy = 0.7782063645130183
eval_loss = 0.8386125890108255
f_score = 0.7211206680767627
global_step = 800
loss = 0.026495529604144395
precision = 0.7663937952627932
recall = 0.6925930799276977
