eval_accuracy = 0.5776277724204436
eval_loss = 0.965122382915937
f_score = 0.3551080539217315
global_step = 800
loss = 0.5728245428204537
precision = 0.35563342025206435
recall = 0.3766658524712563
