eval_accuracy = 0.6742301458670988
eval_loss = 0.7236605378297659
f_score = 0.6524451545474597
global_step = 896
loss = 0.07853872285756681
precision = 0.6610521455175608
recall = 0.6563916774509045
