eval_accuracy = 0.7714561234329798
eval_loss = 0.6987530050942531
f_score = 0.7120089090008386
global_step = 800
loss = 0.049018231350928546
precision = 0.7526473270768838
recall = 0.6884113410261384
