eval_accuracy = 0.7463837994214079
eval_loss = 0.5923326918712029
f_score = 0.6726720496275748
global_step = 800
loss = 0.06066033091396093
precision = 0.747643625964309
recall = 0.6367888071693838
