eval_accuracy = 0.6726094003241491
eval_loss = 1.0767058446907845
f_score = 0.6439935952875481
global_step = 896
loss = 0.12790970316356315
precision = 0.667260650798318
recall = 0.6291755734610147
