eval_accuracy = 0.6247974068071313
eval_loss = 0.9002989492355249
f_score = 0.5965274986259269
global_step = 896
loss = 0.06058277500726815
precision = 0.6438931915196549
recall = 0.5795485462645069
