eval_accuracy = 0.6993517017828201
eval_loss = 1.1125656663416288
f_score = 0.6798626237234037
global_step = 896
loss = 0.0396908151576229
precision = 0.6865510823609932
recall = 0.6788078052428169
