eval_accuracy = 0.692868719611021
eval_loss = 1.1453396551884139
f_score = 0.6741516577164429
global_step = 896
loss = 0.03944492054038814
precision = 0.686443888934175
recall = 0.6644852079364574
