eval_accuracy = 0.593192868719611
eval_loss = 1.0029621051672177
f_score = 0.5258596668512648
global_step = 896
loss = 0.5551085283181497
precision = 0.5934082296237019
recall = 0.5158139322407665
