eval_accuracy = 0.6620745542949756
eval_loss = 0.8944549721020919
f_score = 0.6237588413188168
global_step = 896
loss = 0.08829998003784567
precision = 0.6454825593195712
recall = 0.6104882887138126
