eval_accuracy = 0.6693679092382496
eval_loss = 0.8430995280161883
f_score = 0.6227680337185575
global_step = 896
loss = 0.08208474766329996
precision = 0.6640545393802723
recall = 0.6046127333403121
