eval_accuracy = 0.7531340405014465
eval_loss = 0.6670284704520152
f_score = 0.6919678346770667
global_step = 800
loss = 0.02573609249200672
precision = 0.7483428275404517
recall = 0.6609544059615109
