eval_accuracy = 0.7193828351012537
eval_loss = 0.7229318994742173
f_score = 0.581573690030613
global_step = 800
loss = 0.4746824152767658
precision = 0.6911990863648323
recall = 0.5600525990777777
