eval_accuracy = 0.7675988428158148
eval_loss = 0.8205521237391692
f_score = 0.7177330106791443
global_step = 800
loss = 0.05364089247770607
precision = 0.7394710092110247
recall = 0.7010678408127936
