eval_accuracy = 0.6628849270664505
eval_loss = 2.2717655847469964
f_score = 0.6409798425974047
global_step = 896
loss = 0.435945135329218
precision = 0.650155028438348
recall = 0.6336027159253904
