eval_accuracy = 0.679902755267423
eval_loss = 2.326483136186233
f_score = 0.6480897441678456
global_step = 896
loss = 0.3568084001724076
precision = 0.671975971941209
recall = 0.633683165749901
