eval_accuracy = 0.6750405186385737
eval_loss = 1.0085449529190857
f_score = 0.6594172825829904
global_step = 896
loss = 0.06429356718269576
precision = 0.6562531777165924
recall = 0.6638502063881458
