eval_accuracy = 0.76374156219865
eval_loss = 0.822612470216476
f_score = 0.7048067384331195
global_step = 800
loss = 0.05544834217056632
precision = 0.7306025121684323
recall = 0.6859741510817079
