eval_accuracy = 0.7820636451301832
eval_loss = 0.8345732271957856
f_score = 0.7248821253552937
global_step = 800
loss = 0.03433815211057663
precision = 0.7423851947182517
recall = 0.7114257524382056
