eval_accuracy = 0.7820636451301832
eval_loss = 0.8258311339295827
f_score = 0.7232125136213116
global_step = 800
loss = 0.060974443582817915
precision = 0.7593320699851658
recall = 0.6988086823370233
