eval_accuracy = 0.7627772420443587
eval_loss = 0.8472029136923643
f_score = 0.709072435075014
global_step = 800
loss = 0.034444610243663194
precision = 0.7399126259293985
recall = 0.6873233300589217
