eval_accuracy = 0.7666345226615237
eval_loss = 0.7904310318713005
f_score = 0.7163790364067643
global_step = 800
loss = 0.044519882332533595
precision = 0.7379444380768834
recall = 0.6997362917493798
