eval_accuracy = 0.6944894651539708
eval_loss = 1.1803425302108128
f_score = 0.675786989082294
global_step = 896
loss = 0.03928711835760623
precision = 0.695456507849539
recall = 0.6620078885498955
