eval_accuracy = 0.6847649918962723
eval_loss = 1.2178152235200963
f_score = 0.666494744080951
global_step = 896
loss = 0.048640850748467655
precision = 0.6787148546050816
recall = 0.6568878830342993
