eval_accuracy = 0.6993517017828201
eval_loss = 0.9966345824874364
f_score = 0.6819110213926988
global_step = 896
loss = 0.028192168592275784
precision = 0.6968354161923331
recall = 0.6749782208123064
