eval_accuracy = 0.5810372771474879
eval_loss = 1.0395057461200616
f_score = 0.5311177167491894
global_step = 896
loss = 0.576690636575222
precision = 0.5587469052509713
recall = 0.5187111162693397
