eval_accuracy = 0.6912479740680713
eval_loss = 1.132447865911019
f_score = 0.6678966813730978
global_step = 896
loss = 0.04060066370792421
precision = 0.6898827948008277
recall = 0.653127391053912
