eval_accuracy = 0.6952998379254457
eval_loss = 1.0504931994737723
f_score = 0.672347586297685
global_step = 896
loss = 0.15341566754172423
precision = 0.6857536763300462
recall = 0.6621176273361845
