eval_accuracy = 0.7540983606557377
eval_loss = 0.8407300280836912
f_score = 0.6988569334851708
global_step = 800
loss = 0.02868232592009008
precision = 0.7274247666981232
recall = 0.6784731593224048
