eval_accuracy = 0.6027000964320154
eval_loss = 0.9017967224121094
f_score = 0.3318448152207743
global_step = 800
loss = 0.523508358001709
precision = 0.38496746362506395
recall = 0.3698439343308093
