eval_accuracy = 0.6685575364667747
eval_loss = 0.9742451548958436
f_score = 0.645672463359075
global_step = 896
loss = 0.06262752107743706
precision = 0.6584867427500908
recall = 0.6366636442143808
