eval_accuracy = 0.5591572123176661
eval_loss = 1.1663677046696346
f_score = 0.4913535046788923
global_step = 896
loss = 0.6057243717036077
precision = 0.5387375601364259
recall = 0.4801884194732235
