eval_accuracy = 0.7348119575699132
eval_loss = 1.0118142424867704
f_score = 0.6806166584360565
global_step = 800
loss = 0.06813264339230955
precision = 0.7019089701928746
recall = 0.6645871033562588
