eval_accuracy = 0.7135969141755063
eval_loss = 2.1346122750869165
f_score = 0.6702985160589169
global_step = 800
loss = 0.36539943180978296
precision = 0.6745236197905745
recall = 0.66707890004239
