eval_accuracy = 0.7762777242044359
eval_loss = 0.8527644482369606
f_score = 0.7159499850784409
global_step = 800
loss = 0.03837202702183276
precision = 0.7418337691903147
recall = 0.6978033173396287
