eval_accuracy = 0.6807131280388979
eval_loss = 1.2973184635241826
f_score = 0.6506800007052346
global_step = 896
loss = 0.04156480523358498
precision = 0.6670488102602169
recall = 0.6392944883315305
