eval_accuracy = 0.6790923824959482
eval_loss = 1.484764559337726
f_score = 0.6532175198045895
global_step = 896
loss = 0.20200209351189966
precision = 0.6683440038250349
recall = 0.6422573934189431
