eval_accuracy = 0.6701782820097245
eval_loss = 0.7369499061352167
f_score = 0.6476794100013877
global_step = 896
loss = 0.09771252386937183
precision = 0.6623990701768746
recall = 0.6391486967296999
