eval_accuracy = 0.7782063645130183
eval_loss = 0.6833261033663383
f_score = 0.72771518448045
global_step = 800
loss = 0.0646472027245909
precision = 0.7547781853524681
recall = 0.7077220294863835
