eval_accuracy = 0.7155255544840887
eval_loss = 2.0493745473714977
f_score = 0.666342629366073
global_step = 800
loss = 0.40759111061051956
precision = 0.6818199920350457
recall = 0.6546088787526593
