eval_accuracy = 0.7714561234329798
eval_loss = 0.8521991148591042
f_score = 0.7210068200790131
global_step = 800
loss = 0.07061018285341561
precision = 0.7438840044807237
recall = 0.7034867876290313
