eval_accuracy = 0.7550626808100289
eval_loss = 0.7441235809372022
f_score = 0.7031198479879247
global_step = 800
loss = 0.09355319621041418
precision = 0.7216137250046679
recall = 0.6886251228939132
