eval_accuracy = 0.5891410048622366
eval_loss = 0.967710976417248
f_score = 0.5332045962446377
global_step = 896
loss = 0.47686539457312654
precision = 0.592567344512598
recall = 0.5197148426681258
