eval_accuracy = 0.7675988428158148
eval_loss = 0.8218776599718974
f_score = 0.6991458306759201
global_step = 800
loss = 0.028597437124699355
precision = 0.7226595343611394
recall = 0.6828092902777726
