eval_accuracy = 0.5591572123176661
eval_loss = 1.1444035180104084
f_score = 0.4927370065227965
global_step = 896
loss = 0.5968667928661618
precision = 0.5369912508854685
recall = 0.4815908128913237
