eval_accuracy = 0.7695274831243973
eval_loss = 0.8717822494128575
f_score = 0.7195470015963373
global_step = 800
loss = 0.03348854759708047
precision = 0.743909618603908
recall = 0.701663762559953
