eval_accuracy = 0.692868719611021
eval_loss = 0.7168475630191656
f_score = 0.6583709481038063
global_step = 896
loss = 0.030713145587859408
precision = 0.7059517971295582
recall = 0.6398492929096776
