eval_accuracy = 0.7444551591128254
eval_loss = 0.9253034458710597
f_score = 0.6799923888637519
global_step = 800
loss = 0.02288243836723268
precision = 0.7098697228440191
recall = 0.6594710250143795
