eval_accuracy = 0.6847649918962723
eval_loss = 1.0172083721711085
f_score = 0.662424493109886
global_step = 896
loss = 0.0995291914358469
precision = 0.6658555499975358
recall = 0.6593286649678226
