eval_accuracy = 0.6774716369529984
eval_loss = 1.1000809837610295
f_score = 0.652574528952192
global_step = 896
loss = 0.048648003181110004
precision = 0.6691502483581692
recall = 0.6408107294190469
