eval_accuracy = 0.6758508914100486
eval_loss = 1.5465270741245685
f_score = 0.6489437276442479
global_step = 896
loss = 0.23713897092134825
precision = 0.6573172386783267
recall = 0.6421688522553511
