eval_accuracy = 0.6709886547811994
eval_loss = 1.082457116016975
f_score = 0.6557521753681392
global_step = 896
loss = 0.05299023918840768
precision = 0.6629608540918835
recall = 0.6496144013361498
