eval_accuracy = 0.660453808752026
eval_loss = 1.0993455808896284
f_score = 0.6106289352064095
global_step = 896
loss = 0.19027749269402452
precision = 0.640633035339886
recall = 0.5959616800923896
