eval_accuracy = 0.7685631629701061
eval_loss = 0.7006306343926834
f_score = 0.7214442121436769
global_step = 800
loss = 0.08045679389499127
precision = 0.7386343629416836
recall = 0.7083167248047567
