eval_accuracy = 0.7772420443587271
eval_loss = 0.9001572450193075
f_score = 0.7272721003480687
global_step = 800
loss = 0.03270031525753438
precision = 0.7443514748283785
recall = 0.7134814157176446
