eval_accuracy = 0.5826580226904376
eval_loss = 0.9805803761268274
f_score = 0.5334036171502324
global_step = 896
loss = 0.48284883743950296
precision = 0.580162625124281
recall = 0.5191601645171519
