eval_accuracy = 0.6509161041465766
eval_loss = 0.9175230558101948
f_score = 0.47938477186928735
global_step = 800
loss = 0.3858030457794666
precision = 0.538271295566087
recall = 0.4714348255583651
