eval_accuracy = 0.6726094003241491
eval_loss = 0.8509320020675659
f_score = 0.6513781652400055
global_step = 896
loss = 0.07660060447441149
precision = 0.6667776939896756
recall = 0.641352301286405
