eval_accuracy = 0.6693679092382496
eval_loss = 0.8558809405718094
f_score = 0.6479624483342491
global_step = 896
loss = 0.11653795683689948
precision = 0.6599689606673457
recall = 0.6388093872681768
