eval_accuracy = 0.5718418514946962
eval_loss = 0.9896030187606811
f_score = 0.342766504300606
global_step = 800
loss = 0.4987145274877548
precision = 0.3967322333531313
recall = 0.36460821786084735
