eval_accuracy = 0.7627772420443587
eval_loss = 0.9241351928132084
f_score = 0.7126197427202192
global_step = 800
loss = 0.1328678784519434
precision = 0.7254673479561315
recall = 0.7018387279566479
