eval_accuracy = 0.7531340405014465
eval_loss = 0.819443739262911
f_score = 0.6874037719968814
global_step = 800
loss = 0.141812833417207
precision = 0.7148056988071052
recall = 0.6702730265032334
