eval_accuracy = 0.6920583468395461
eval_loss = 0.8313725136029415
f_score = 0.6690108242801506
global_step = 896
loss = 0.03673893624051873
precision = 0.675037122525707
recall = 0.6673962357404898
