eval_accuracy = 0.6645056726094003
eval_loss = 1.0666246987306154
f_score = 0.6281164515788974
global_step = 896
loss = 0.15254730832696492
precision = 0.6427571011303068
recall = 0.6179374620402412
