eval_accuracy = 0.5872709739633558
eval_loss = 0.912683629989624
f_score = 0.2676850316718982
global_step = 800
loss = 0.6552461525797844
precision = 0.3436363636363637
recall = 0.33995776577850073
