eval_accuracy = 0.6888168557536467
eval_loss = 1.0484375051963024
f_score = 0.6630448347108931
global_step = 896
loss = 0.06658157924123641
precision = 0.685980767485805
recall = 0.6481189996610066
