eval_accuracy = 0.5515911282545806
eval_loss = 1.2337831203754133
f_score = 0.4244571198012845
global_step = 800
loss = 0.5150652651488781
precision = 0.43771221870796523
recall = 0.41939805004874975
