eval_accuracy = 0.6104146576663452
eval_loss = 0.9030362835297218
f_score = 0.3403322158646939
global_step = 800
loss = 0.4822546151280403
precision = 0.40969634230503793
recall = 0.3762466284514523
