eval_accuracy = 0.7569913211186113
eval_loss = 0.7555330765935091
f_score = 0.6822637626545544
global_step = 800
loss = 0.08228665869683027
precision = 0.738907770366294
recall = 0.6523169133068611
