eval_accuracy = 0.7608486017357763
eval_loss = 0.6858502596616745
f_score = 0.7008721653160167
global_step = 800
loss = 0.08292206224054098
precision = 0.7194655916820866
recall = 0.6863362081897204
