eval_accuracy = 0.7415621986499518
eval_loss = 0.6686843750568536
f_score = 0.6778806162923212
global_step = 800
loss = 0.05705491200089455
precision = 0.7174500608816737
recall = 0.6539734200075085
