eval_accuracy = 0.5564127290260367
eval_loss = 1.4753455776434679
f_score = 0.2748037162975085
global_step = 800
loss = 0.522299948334694
precision = 0.2910232995738558
recall = 0.32791113836644686
