eval_accuracy = 0.7753134040501446
eval_loss = 0.7727208105417398
f_score = 0.7318949007879856
global_step = 800
loss = 0.051293490258976816
precision = 0.7375421771987819
recall = 0.7268985159767108
