eval_accuracy = 0.6685575364667747
eval_loss = 0.8872775026620963
f_score = 0.6274494118102191
global_step = 896
loss = 0.06982833758645159
precision = 0.6637739010321231
recall = 0.6100181692704765
