eval_accuracy = 0.7791706846673095
eval_loss = 0.8266679869821438
f_score = 0.720303788737873
global_step = 800
loss = 0.03577105649746955
precision = 0.7654097615852965
recall = 0.6921374769640264
