eval_accuracy = 0.7444551591128254
eval_loss = 1.3295134367851111
f_score = 0.68816216723959
global_step = 800
loss = 0.17844236236065625
precision = 0.6976681604892138
recall = 0.679903757840655
