eval_accuracy = 0.7473481195756991
eval_loss = 0.80513796714636
f_score = 0.6791316286203668
global_step = 800
loss = 0.04762090618722141
precision = 0.7210661325462083
recall = 0.6534139845167352
