eval_accuracy = 0.7695274831243973
eval_loss = 0.9374191412558922
f_score = 0.7170448708710705
global_step = 800
loss = 0.032301526721566914
precision = 0.7590587121167848
recall = 0.68966024411973
