eval_accuracy = 0.7540983606557377
eval_loss = 0.8826801417825314
f_score = 0.6965659142786688
global_step = 800
loss = 0.026813698895275594
precision = 0.7181235441730903
recall = 0.6803714871189488
