eval_accuracy = 0.6027000964320154
eval_loss = 0.9153710988851694
f_score = 0.3275285593394004
global_step = 800
loss = 0.37560022965073586
precision = 0.3918152250996503
recall = 0.36783443076480665
