eval_accuracy = 0.5769854132901134
eval_loss = 1.1344154209662707
f_score = 0.524995662619329
global_step = 896
loss = 0.5788950552897794
precision = 0.5504140576622133
recall = 0.5141304490743761
