eval_accuracy = 0.7675988428158148
eval_loss = 0.802487957993379
f_score = 0.7289407825021287
global_step = 800
loss = 0.047591998437419535
precision = 0.7352224137639642
recall = 0.7277556057338673
