eval_accuracy = 0.6709886547811994
eval_loss = 1.2148155068548827
f_score = 0.6429836514665409
global_step = 896
loss = 0.03534832101597983
precision = 0.6753466342794173
recall = 0.6245465268011278
