eval_accuracy = 0.7685631629701061
eval_loss = 0.6932262954803613
f_score = 0.7077792106277863
global_step = 800
loss = 0.06021628215909004
precision = 0.7372059656319448
recall = 0.6876039676258979
