eval_accuracy = 0.6588330632090762
eval_loss = 0.7565683649900632
f_score = 0.6194102349667401
global_step = 896
loss = 0.06794160260220192
precision = 0.6459137896055811
recall = 0.6080133293011493
