eval_accuracy = 0.673419773095624
eval_loss = 1.0149163254178488
f_score = 0.6549908372038535
global_step = 896
loss = 0.09449790940353912
precision = 0.6625260312979396
recall = 0.6486492141539771
