eval_accuracy = 0.673419773095624
eval_loss = 1.0348006563308911
f_score = 0.6601062505353739
global_step = 896
loss = 0.07937294814369775
precision = 0.6683865270622883
recall = 0.6533283891880156
