eval_accuracy = 0.6896272285251216
eval_loss = 1.1927826257470326
f_score = 0.6632121779102134
global_step = 896
loss = 0.06526036328536325
precision = 0.6760743439145004
recall = 0.6534607162959064
