eval_accuracy = 0.7242044358727098
eval_loss = 2.160604346715487
f_score = 0.6624664660812811
global_step = 800
loss = 0.3228908477909863
precision = 0.6782176037835947
recall = 0.6501172519575759
