eval_accuracy = 0.6790923824959482
eval_loss = 1.0310749690502117
f_score = 0.6522499913777109
global_step = 896
loss = 0.12358429855001825
precision = 0.6661347921118214
recall = 0.6419741965511004
