eval_accuracy = 0.5696920583468396
eval_loss = 1.1069542643351433
f_score = 0.5154838512983613
global_step = 896
loss = 0.5408508620624032
precision = 0.5664939828279604
recall = 0.5011412791631668
